129  3  0  0
   1    -2.019857  -5.8179660000000002  -5.4687570000000001
   2    -2.019857  -1.9282809999999999  -6.265358
   3    1.9830190000000001  -5.8179660000000002  -5.4687570000000001
   4    4.4857170000000002  -4.6340029999999999  -5.4687570000000001
   5    -6.0227329999999997  -1.9282809999999999  -5.4687570000000001
   6    1.9830190000000001  -1.9282809999999999  -6.265358
   7    -2.019857  1.961403  -6.265358
   8    4.7853529999999997  5.295331  -5.4687570000000001
   9    1.9830190000000001  1.961403  -6.265358
  10    -4.3149420000000003  -4.6042639999999997  8.3145629999999997
  11    -2.0299680000000002  -1.940885  8.3145629999999997
  12    -6.0628590000000004  -1.940885  8.3145629999999997
  13    0.6608927  -0.59885339999999998  10.0463
  14    -0.6879362  -0.59885339999999998  10.0463
  15    2.0029240000000001  1.9779659999999999  8.3145629999999997
  16    -4.3149420000000003  4.8727609999999997  8.3145629999999997
  17    2.0029240000000001  5.8968179999999997  8.3145629999999997
  18    6.0358150000000004  1.9779659999999999  8.3145629999999997
  19    4.4453310000000004  4.8727609999999997  8.3145629999999997
  20    -4.6095810000000004  -4.6340029999999999  -5.4687570000000001
  21    -7.8204359999999999  -7.5684889999999996  -0.43495319999999998
  22    7.789879  -7.5684889999999996  -0.43495319999999998
  23    2.5864400000000001  -8.9796209999999999  4.4926630000000003
  24    -2.6169980000000002  -8.9796209999999999  -0.43495319999999998
  25    2.5864400000000001  -8.9796209999999999  -0.43495319999999998
  26    -2.0299680000000002  -5.8597349999999997  8.3145629999999997
  27    -2.6169980000000002  -8.9796209999999999  4.4926630000000003
  28    2.0029240000000001  -5.8597349999999997  8.3145629999999997
  29    5.9858950000000002  -1.9282809999999999  -5.4687570000000001
  30    8.6765980000000003  -2.5121910000000001  -0.43495319999999998
  31    5.9858950000000002  1.961403  -5.4687570000000001
  32    8.6765980000000003  2.5441060000000002  -0.43495319999999998
  33    8.6765980000000003  -2.5121910000000001  4.4926630000000003
  34    7.789879  7.6004040000000002  -0.43495319999999998
  35    7.789879  -7.5684889999999996  4.4926630000000003
  36    6.0358150000000004  -1.940885  8.3145629999999997
  37    4.4453310000000004  -4.6042639999999997  8.3145629999999997
  38    8.6765980000000003  2.5441060000000002  4.4926630000000003
  39    1.9830190000000001  5.8510879999999998  -5.4687570000000001
  40    -2.019857  5.8510879999999998  -5.4687570000000001
  41    -5.1120359999999998  4.1113679999999997  -5.4687570000000001
  42    -7.8204359999999999  7.6004040000000002  -0.43495319999999998
  43    2.5864400000000001  8.3248909999999992  -0.43495319999999998
  44    2.5864400000000001  8.3248909999999992  4.4926630000000003
  45    -2.6169980000000002  8.3248909999999992  4.4926630000000003
  46    -2.6169980000000002  8.3248909999999992  -0.43495319999999998
  47    7.789879  7.6004040000000002  4.4926630000000003
  48    -2.0299680000000002  5.8968179999999997  8.3145629999999997
  49    -6.0227329999999997  1.961403  -5.4687570000000001
  50    -9.6280540000000006  2.5441060000000002  -0.43495319999999998
  51    -9.6280540000000006  2.5441060000000002  4.4926630000000003
  52    -7.8204359999999999  -7.5684889999999996  4.4926630000000003
  53    -9.6280540000000006  -2.5121920000000002  -0.43495319999999998
  54    -6.0628590000000004  1.9779659999999999  8.3145629999999997
  55    -7.8204359999999999  7.6004040000000002  4.4926630000000003
  56    -9.6280540000000006  -2.5121920000000002  4.4926630000000003
  57    2.0029240000000001  -1.940885  8.3145629999999997
  58    0.6608927  0.63593520000000003  10.0463
  59    -2.0299680000000002  1.9779659999999999  8.3145629999999997
  60    -0.6879362  0.63593520000000003  10.0463
  61    -4.4797860532336529  3.4607193901736797  -5.4687570000000001
  62    3.8619910456383919  -3.9921264333137056  -5.4687570000000001
  63    1.9830190000000001  -3.2512729028528664  -5.9944114650480707
  64    -3.9126840819676096  1.961403  -5.8886718507606828
  65    -4.1835079808141264  -5.563224307964826  -4.3923812690742006
  66    -5.3260196862524394  -5.2887754187688873  -4.3455634016205851
  67    3.147721974703706  -6.1690747481680734  -4.4591087116075094
  68    -3.2872441245939412  -6.2307543385067312  7.4847192601527919
  69    3.9440477959192961  -5.784157267521838  7.2839193110069154
  70    5.5490775075987244  -4.0956314534566687  -4.1915200266952501
  71    6.4827821947667221  3.5146026892304691  -4.0822521035108608
  72    6.4693636406747403  -3.3318491064725846  7.3699112941359104
  73    5.9479287781458545  4.0458144071548228  6.957338686739778
  74    -3.4121892569136225  6.2709821337295999  -4.2604763428941546
  75    3.4088162276602603  6.3106899441486641  7.3860644191583056
  76    -3.8868096526151037  5.7432069748836367  7.3508804412876181
  77    -7.3700450000000002  3.3277369999999999  -2.9518551
  78    -6.6247560767979055  -3.8170998838424159  -3.7830135531275242
  79    -6.5335051973579885  3.4835495759008293  7.2911297725041377
  80    -5.9870883402179302  -3.9458456308272054  7.1117319477506022
  81    -5.5839951088968531  -5.6773678055463144  6.9309651171073519
  82    2.1426770111055187  -6.6545022642364433  -4.1368724566987183
  83    5.3474638607513461  -5.3993359644305494  -4.1559083496347347
  84    -4.7321173545754549  -6.657133158184835  6.5310552389257772
  85    -2.2132768556018898  -6.8339658438552675  7.1211178349745961
  86    -4.1423418122081799  -8.5659595968259925  4.4926630000000003
  87    5.3808752223056313  -5.4334234476634533  7.245492840675066
  88    6.9897232437112597  2.1787936704289854  -3.5907814569017593
  89    7.1296213203373702  -5.4501690532362925  5.9312871470679553
  90    7.0155137857078858  -2.1528326664563613  6.8966839887003335
  91    8.2466548653070664  -4.9638364615967561  4.4926630000000003
  92    5.7142527528129934  5.9076289512472506  6.8645338639026923
  93    -6.5157848207562683  5.9197161651809811  -2.8597641820379467
  94    -2.2200211233376357  6.680316957323333  -3.7814052276704189
  95    4.8907344941041853  6.7469427250771732  6.407355681571433
  96    4.2464237010650425  8.0937675811161593  4.4926630000000003
  97    2.2246678419807178  6.8195180384387868  6.8621901607529097
  98    -5.1329525978317987  5.5092592741666992  7.422718739575263
  99    -7.6158812938954235  2.2188924968569359  -3.2443792162258784
 100    -7.1769705986789942  5.5419767879504143  5.8918963862520695
 101    -7.5312886256404923  -2.1726038283759936  -3.362488781203258
 102    -7.3380276425453506  2.1804581428675358  6.9475782951117475
 103    -8.6858534668112526  5.179644411080881  4.4926630000000003
 104    -6.2824705814897523  6.4037051586836125  6.169445226129703
 105    4.1419987064020951  -6.468807183116196  -3.5971981454366473
 106    6.2858536837469696  -6.2354928991606213  6.2113509531068054
 107    -5.4448677935128504  6.8839894019574119  -2.4964964123197011
 108    -5.2741955182580726  7.9549230944709564  4.4926630000000003
 109    -4.6253407631834831  8.045264679196233  -0.43495319999999998
 110    3.3334479892687954  -4.0314790467529926  2.0254823189789155
 111    -0.015278999999999598  2.9286238324397225  2.3577301907231973
 112    2.5878813801148772  -1.712032529766466  -1.8439883919916262
 113    -0.013521749999999888  0.018540900000000082  7.1393046969225775
 114    3.6468564476923788  -2.8849180151563112  5.4219895573180725
 115    2.9209255850679687  4.6504847198996542  3.8999281250642364
 116    -2.8956963610123876  -3.0640529171349762  1.6994343044566032
 117    -0.17592733200679112  -3.9003099999999997  5.4218335615020141
 118    -2.0566813974697191  0.6095687368118603  -1.5063797486317534
 119    -4.4095798745298751  4.1614503994927041  -2.8166821548232304
 120    -3.3756272503541629  -2.3734793646992509  -2.9821161012683501
 121    -2.5510642573646654  -5.7173722938142886  4.0405042747451425
 122    -3.7641432853957837  2.9583209811916058  5.8599884842114971
 123    -0.018419000000000185  -4.0065020268742497  -3.1528648679748295
 124    -0.018418999999998853  3.5526138195780215  -3.042470632423103
 125    -0.013522000000000034  5.8968179999999997  8.3145629999999997
 126    8.2332385000000006  -5.0403400000000005  -0.43495319999999998
 127    -6.2410405000000004  3.7195524999999998  -4.2103060499999998
 128    -5.8139104103781349  5.0155420825904908  -4.1642605910189729
 129    2.6070155163910251  -4.5270516526129247  -2.2077878728473745 