374  4  0
    1       9    31    71    88
    2      24    65   116   120
    3       8    34    43    71
    4      95    75    97   115
    5      12    56   102   116
    6      74    40    94   119
    7      43    39     8   124
    8     116   101   118   120
    9      57    11   113   117
   10       7    61    64   119
   11      91    33   110   114
   12       4    62     3    67
   13       7     2     9   118
   14      38    18    73   114
   15      46    43    45   111
   16      89    33    91   114
   17      69    87   106   114
   18     103    42   109   119
   19      15    19    73   115
   20       9    31    88   112
   21      18    38    90   114
   22     119    41   127   128
   23      50   118   119   122
   24      20     5    78   120
   25      64    49   118   119
   26     111   118   119   124
   27      25    82   123   129
   28      43    46    94   124
   29     111   112   116   118
   30      59    14    11   113
   31      17    19    15    75
   32      23    28    69   117
   33      80    52   116   121
   34       7    40    61   124
   35     109    46   111   119
   36      50    51   116   122
   37      28    57   114   117
   38     107    74   119   128
   39     111    88   112   124
   40       1     2   120   123
   41      68    10   117   121
   42       2     6     9   118
   43      62    70   112   129
   44      42    77    93   119
   45      15    17   115   125
   46      11    54    59   122
   47      52    81    84   121
   48      73    95    47   115
   49     118     7   119   124
   50      38    32   110   115
   51      66    20    78   120
   52      29    62     4    70
   53     118   111   119   122
   54      37    72    87   114
   55      71     9    88   124
   56      89    72    90   114
   57      71    88   111   124
   58     108   103   109   122
   59      50    56    53   116
   60       7     2   118   120
   61      42    93   109   119
   62       1    24    82   123
   63      87    89   106   114
   64      32    43    34    71
   65     112   116   118   123
   66      19    73    75    92
   67      57   113   114   117
   68      91    35   110   126
   69       4    62    67    83
   70      88     9   112   124
   71      51   102   116   122
   72      33    38   110   114
   73      45   108   109   111
   74      41    61   119   127
   75     101    53   116   118
   76      89    91   110   114
   77       2   118   120   123
   78      24     1    65   123
   79      40    39    94   124
   80     113   111   116   122
   81      93   107   119   128
   82      43    71   115   124
   83      48    16    76   122
   84      24    65   120   123
   85      85    27    86   121
   86      48    59    16   122
   87      73    75    92    95
   88      24    25    82   123
   89      43     8    71   124
   90      21    52    86   121
   91     111    15   115   125
   92      46    45   109   111
   93     111   109   119   122
   94      15    57   113   114
   95      44    96    97   115
   96     113   111   114   117
   97      11    26    10   117
   98      32    71    88   115
   99      12    11    80   116
  100      62     4    70    83
  101      11    10    12    80
  102      16    79    98   122
  103      98    79   100   122
  104      99    77   119   127
  105      16    59    54   122
  106     110    23   117   121
  107     108   109   111   122
  108      15    13    58   113
  109      52    80    81   121
  110     116   111   118   122
  111      38    47    32   115
  112       1    20    65   120
  113      25    23   110   121
  114      43    44   111   115
  115      84    85    86   121
  116      69    37    87   114
  117       6   112   118   123
  118      99    77   118   119
  119     110   111   116   117
  120     100   103   108   122
  121      53    78   101   116
  122     112   110   116   123
  123      23    85   117   121
  124      45    48    76   122
  125      43    32    34   115
  126      59    60    14   113
  127      11    57    28   117
  128       8     9    71   124
  129      42    50    77   119
  130      11    80   116   121
  131      23    27    85   121
  132      24    25   110   121
  133      59   111   122   125
  134      71   111   115   124
  135      23    69   110   117
  136      52    21   116   121
  137      41    61    74   119
  138     100    79   102   122
  139      61    40   119   124
  140      45   111   115   125
  141      31     8     9    71
  142     110   111   112   116
  143      49     5    64   120
  144      52    84    86   121
  145      10    11   117   121
  146       1     3    63   123
  147      12    11   116   122
  148      38    33    90   114
  149      50    53    99   118
  150       5    20     2   120
  151      94    46   107   119
  152      15    19    18    73
  153     111    43   115   124
  154      41    61    40    74
  155     102    12   116   122
  156      75    17    97   115
  157      44    43    96   115
  158      68    26    85   117
  159      93   107   109   119
  160       2     6   118   123
  161     111   113   116   117
  162      53    50   116   118
  163     103    50   119   122
  164      56    12    80   116
  165       3     1    82   123
  166      97    45   115   125
  167      29    62    70   112
  168      39    43    94   124
  169      74    41   119   128
  170     103    42   108   109
  171      13    57    14   113
  172      63   112   123   129
  173      50   116   118   122
  174      20     1     2   120
  175      61    40    74   119
  176      96    95    97   115
  177      19    15    75   115
  178      69    28   114   117
  179      35    89    91   106
  180     110    69   114   117
  181      28    23    85   117
  182      49    99   101   120
  183       5     2    64   120
  184      77    50    99   118
  185      40    94   119   124
  186      33    89    90   114
  187      18    73   114   115
  188      73    75    95   115
  189      27    23    24   121
  190      65    66   116   120
  191      38   110   114   115
  192      37    36    72   114
  193       6     2    63   123
  194      28    37    69   114
  195      14    60    13   113
  196       6    63   112   123
  197      49    99   118   119
  198      45    48   111   125
  199      45    43    44   111
  200      59    15    60   113
  201       7    61   119   124
  202      10    68    81   121
  203     110   111   114   115
  204      77   128   119   127
  205      73    19    75   115
  206      73    38   114   115
  207      32    43    71   115
  208      14    57    11   113
  209      57    15    36   114
  210      78     5   101   120
  211     106    89   110   114
  212     112   110   123   129
  213      72    36    90   114
  214      81    68    84   121
  215       2     7    64   120
  216      30    32    88   112
  217      15    18    36   114
  218      57    36    37   114
  219      69   106   110   114
  220     116   110   117   121
  221      44    45   111   115
  222      13    15    57   113
  223       7    64   118   119
  224      74    94   107   119
  225      94    46   119   124
  226      99    53   101   118
  227       6    62    29   112
  228      40     7    39   124
  229     110   112   126   129
  230      50    42   103   119
  231      84    68    85   121
  232       8    39     9   124
  233      21    24   116   121
  234      30    29    70   112
  235      31    29    88   112
  236      77    50   118   119
  237     100   102   103   122
  238      22    83   105   126
  239      95    73    47    92
  240     118   116   120   123
  241     109   103   119   122
  242      32    30   110   112
  243       9     7   118   124
  244       2     1    63   123
  245      17    97   115   125
  246      79    54   102   122
  247      16    54    79   122
  248      39     7     9   124
  249      24   110   116   121
  250     111   110   114   117
  251     111    15   114   115
  252     100    55   104   108
  253      55   100   103   108
  254      42    55   103   108
  255      89    91   106   110
  256      47    38    73   115
  257      31     6    29   112
  258      42    93   107   109
  259      49    64   118   120
  260      62     6    63   112
  261      78   101   116   120
  262      66    78   116   120
  263      34    47    96   115
  264      11    10    80   121
  265     111    48   122   125
  266      30   110   112   126
  267      60    15    58   113
  268      10    26    68   117
  269      91    35   106   110
  270      53    21    78   116
  271      45    44    97   115
  272     107    46   109   119
  273      45   108   111   122
  274      15    17    75   115
  275      99    49   118   120
  276      48    59   122   125
  277      27    24    86   121
  278      11   116   117   121
  279      88    71   111   115
  280      26    28    85   117
  281      32    47    34   115
  282     111   112   118   124
  283      85    68   117   121
  284      65    20    66   120
  285      64     7   118   120
  286      65     1   120   123
  287      56    21    53   116
  288     101    99   118   120
  289      46   111   119   124
  290      29    30    88   112
  291       6    31     9   112
  292      43    34    96   115
  293      36    18    90   114
  294      80    10    81   121
  295      35    22   110   126
  296     116    24   120   123
  297      49    99   119   127
  298      15    59   111   113
  299      63    62   112   129
  300      77   128    93   119
  301      60    58    13   113
  302      26    11    28   117
  303      25    23    22   110
  304      33    30    91   110
  305      61    49   119   127
  306      23    69   106   110
  307      87    72    89   114
  308      59    15   111   125
  309      11   113   116   122
  310       5    49   101   120
  311      23    35    22   110
  312      33    38    30   110
  313      18    15    73   115
  314      46    43   111   124
  315     111   110   112   115
  316      32    88   112   115
  317      15   111   114   113
  318      38    32    30   110
  319     104   100   108   122
  320      30    91   110   126
  321      35    23   106   110
  322       9     6   112   118
  323     110    32   112   115
  324      15    18   114   115
  325      47    95    96   115
  326      57    37    28   114
  327      48    45   111   122
  328     113    11   116   117
  329      88   111   112   115
  330     112     9   118   124
  331      21    24    65   116
  332      56    51   102   116
  333      24    21    86   121
  334      24    23    25   121
  335     102    51   103   122
  336      21    66    78   116
  337      21    65    66   116
  338      52    56    80   116
  339      21    56    52   116
  340      61    49    64   119
  341      50    51    56   116
  342      11    59   113   122
  343      59   111   113   122
  344      49    61    41   127
  345      76    16    98   122
  346      54    12   102   122
  347      11    12    54   122
  348      76   104   108   122
  349      45    76   108   122
  350      98   100   104   122
  351      76    98   104   122
  352      51    50   103   122
  353      82     3   123   129
  354      22    25   110   129
  355      24    25   123   129
  356      25    24   110   129
  357     112   126    70    30
  358     126   112    70   129
  359      83   105   126   129
  360      62     3    67   129
  361       3    63   123   129
  362      70    62    83   129
  363      62    67    83   129
  364      22   110   126   129
  365     105    22   126   129
  366     110   123    24   116
  367     123   110    24   129
  368      67    82   105   129
  369      82    25   105   129
  370      67     3    82   129
  371      83    67   105   129
  372      25    22   105   129
  373      70    83   126   129
  374       3    62    63   129
